function forma = conseguirForma()
  forma = ...
  [...
  -7.5, 0, 0+15;...
  -7.5, 2, 1+15;...
  -7.5, 2, -2+15;...
  -7.5, 3, -2+15;...
  -7.5, 3, 2+15;...
  -7.5, 2, 2+15;...
  -7.5, 0, 1+15;...
  -7.5, -2, 2+15;...
  -7.5, -3, 2+15;...
  -7.5, -3, -2+15;...
  -7.5, -2, -2+15;...
  -7.5, -2, 1+15;...
  -7.5, 0, 0+15]

end

